0100
0101
0108
0109
0110
0118
0119
011a
0120
0121
0128
0130
0138
0139
0140
0141
0148
0149
0150
0151
0158
0159
015a
015b
015c
015d
0160
0161
0162
0163
0164
0165
0168
0170
0178
0180
0188
0190
0191
0198
01a0
01a1
01a8
01a9
01b0
01b1
01b2
01b3
01b4
01b5
01b8
01b9
01c0
01c1
01c8
01d0
01d1
01d2
01d8
01d9
01e0
01e8
01f0
01f8
0200
0210
0211
0212
0213
0214
0215
0218
0219
0220
0221
0228
0230
0231
0232
0238
0239
0240
0248
0250
0258
0260
0270
0271
0272
0278
0279
0280
0281
0288
0290
0291
0292
0298
0299
02a0
02a8
02b0
02b8
02c0
02d0
02d1
02d2
02d8
02d9
02e0
02e1
02e8
02f0
02f1
02f2
02f8
02f9
0300
0308
0310
0318
0320
0800
0801
0802
0803
080f
0810
0829
082b
082c
082d
082e
082f
0830
0831
0832
0833
0834
0835
0836
0837
0838
0839
083a
083b
083c
083d
083e
083f
0840
0841
0842
0843
0844
0850